       0 
-------------------- 
1.000000       1      2 
1.000000       1      3 
1.000000       2      3 
1.000000       2      4 
1.000000       3      4 
0.500000       3      5 
0.500000       2      5 
1.000000       4      5 
1.000000       3 
-1.000000       2 

       3 
-------------------- 
0.707107  
-0.707107       1      2 
0.707107       3 
-0.707107       1      2      3 

       5 
-------------------- 
-0.707107       2 
0.707107       1      3      2 
0.707107  
-0.707107       1      3 

       6 
-------------------- 
-0.500000       5 
0.500000       2      3      5 

      10 
-------------------- 
0.707107  
-0.707107       2      4 
0.707107       3 
-1.414214       2      4      3 

      12 
-------------------- 
-0.707107       2 
0.707107       3      4      2 
0.707107  
-1.414214       3      4 

      18 
-------------------- 
0.707107       3 

      20 
-------------------- 
0.707107  

      24 
-------------------- 
1.000000  
-1.000000       4      5 

The nullity is: 
     4
The minimal nullspace eigenvectors (fundamental cycles):
     1 th eigenvector

   0
   0
   0
   0
   1
   0
   1
   1

     2 th eigenvector

   0
   0
   1
   0
   0
   1
   1
   0

     3 th eigenvector

   1
   1
   1
   0
   0
   0
   0
   0

     4 th eigenvector

   0
   0
   0
   1
   0
   1
   0
   1

