       0 
-------------------- 
1.000000       1      2 
1.000000       1      3 
1.000000       2      3 
1.000000       2      4 
1.000000       3      4 
1.000000       3 
-1.000000       2 

       3 
-------------------- 
0.707107  
-0.707107       1      2 
0.707107       3 
-0.707107       1      2      3 

       5 
-------------------- 
-0.707107       2 
0.707107       1      3      2 
0.707107  
-0.707107       1      3 

      10 
-------------------- 
0.707107  
-0.707107       2      4 
0.707107       3 
-0.707107       2      4      3 

      12 
-------------------- 
-0.707107       2 
0.707107       3      4      2 
0.707107  
-0.707107       3      4 

The nullity is: 
     1
The minimal nullspace eigenvectors:
     1 th eigenvector

   1
   1
   1
   1

